 100
 1 2502505
 587 233 220
 8
 1 108 0 76 0 30 1 24
 2 110 0 43 1 25 1 9
 3 92 1 81 1 55 1 8
 4 81 0 33 1 28 1 11
 5 120 1 99 1 73 1 11
 6 111 0 70 1 48 1 10
 7 98 0 72 1 46 1 12
 8 95 0 66 0 31 1 9
 2 2502605
 587 233 220
 8
 1 49 0 25 1 21 1 16
 2 60 1 51 1 41 1 8
 3 103 1 76 1 64 1 16
 4 95 1 70 1 62 1 18
 5 111 0 49 1 26 1 18
 6 85 1 84 1 72 1 16
 7 48 1 36 1 31 1 17
 8 86 0 76 0 38 1 6
 3 2502705
 587 233 220
 8
 1 97 0 81 0 27 1 10
 2 102 0 78 0 39 1 20
 3 113 0 46 1 36 1 18
 4 66 1 50 1 42 1 21
 5 101 0 30 1 26 1 16
 6 100 0 56 1 35 1 17
 7 91 0 50 1 40 1 22
 8 106 1 61 1 56 1 19
 4 2502805
 587 233 220
 8
 1 113 0 92 0 33 1 23
 2 52 1 37 1 28 1 22
 3 57 1 33 1 29 1 26
 4 99 0 37 1 30 1 17
 5 92 0 64 1 33 1 23
 6 119 0 59 1 39 1 26
 7 54 1 52 1 49 1 18
 8 75 0 45 1 35 1 30
 5 2502905
 587 233 220
 8
 1 88 0 54 1 39 1 16
 2 94 0 54 1 36 1 14
 3 87 0 77 1 43 1 20
 4 100 1 80 1 72 1 16
 5 83 0 40 1 36 1 6
 6 91 0 54 0 22 1 15
 7 109 0 58 1 54 1 17
 8 94 0 55 1 30 1 9
 6 2503005
 587 233 220
 8
 1 86 1 84 1 45 1 23
 2 81 0 45 1 34 1 24
 3 70 1 54 1 37 1 24
 4 71 1 61 1 52 1 12
 5 78 1 73 1 40 1 18
 6 69 1 63 1 46 1 14
 7 72 1 67 1 56 1 13
 8 75 0 75 0 36 1 15
 7 2503105
 587 233 220
 8
 1 118 0 79 1 51 1 18
 2 86 0 32 1 31 1 14
 3 64 1 58 1 52 1 18
 4 42 1 42 1 32 1 19
 5 64 1 55 1 43 1 14
 6 84 0 70 0 35 1 18
 7 76 0 57 1 36 1 23
 8 95 1 60 1 55 1 20
 8 2503205
 587 233 220
 8
 1 75 1 58 1 57 1 11
 2 57 1 37 1 30 1 14
 3 79 0 74 0 35 1 11
 4 104 1 99 1 74 1 10
 5 55 1 46 1 31 1 20
 6 99 0 98 0 33 1 10
 7 90 1 85 1 59 1 12
 8 115 0 74 1 44 1 16
 9 2503305
 587 233 220
 8
 1 90 1 70 1 63 1 6
 2 84 0 78 0 28 1 17
 3 94 0 85 0 39 1 19
 4 80 1 76 1 54 1 16
 5 69 1 50 1 45 1 16
 6 70 1 57 1 37 1 17
 7 94 1 61 1 54 1 18
 8 92 0 44 1 29 1 24
 10 2503405
 587 233 220
 8
 1 68 0 66 0 31 1 18
 2 120 0 34 1 26 1 27
 3 95 1 76 1 60 1 17
 4 61 1 47 1 34 1 19
 5 53 1 45 1 36 1 25
 6 80 1 52 1 42 1 22
 7 109 0 63 0 28 1 22
 8 74 0 64 1 35 1 30
 11 2503505
 587 233 220
 8
 1 74 1 63 1 61 1 17
 2 71 0 60 0 25 1 13
 3 106 1 80 1 59 1 10
 4 109 0 76 1 42 1 15
 5 118 0 56 0 22 1 19
 6 105 0 67 1 43 1 16
 7 72 1 65 1 37 1 20
 8 84 1 59 1 54 1 9
 12 2503605
 587 233 220
 8
 1 95 1 80 1 57 1 13
 2 112 0 87 0 23 1 15
 3 116 0 41 1 40 1 14
 4 98 1 80 1 56 1 10
 5 108 1 60 1 59 1 10
 6 82 1 77 1 67 1 8
 7 67 1 46 1 36 1 19
 8 104 0 72 1 44 1 14
 13 2503705
 587 233 220
 8
 1 52 0 36 1 25 1 35
 2 63 0 37 1 21 1 20
 3 100 0 61 1 36 1 27
 4 79 0 52 1 36 1 21
 5 99 0 63 1 36 1 17
 6 97 0 49 1 30 1 24
 7 90 1 69 1 55 1 25
 8 91 0 33 1 28 1 30
 14 2503805
 587 233 220
 8
 1 68 0 48 1 31 1 12
 2 104 1 80 1 63 1 14
 3 82 0 46 0 21 1 13
 4 114 1 78 1 60 1 14
 5 90 1 74 1 66 1 12
 6 112 0 54 1 36 1 8
 7 71 1 64 1 54 1 17
 8 74 0 53 1 33 1 14
 15 2503905
 587 233 220
 8
 1 100 0 44 1 37 1 11
 2 90 1 78 1 55 1 11
 3 65 1 57 1 42 1 12
 4 85 0 58 1 41 1 13
 5 81 1 69 1 50 1 15
 6 84 1 78 1 51 1 20
 7 109 1 73 1 73 1 11
 8 73 1 58 1 52 1 10
 16 2504005
 587 233 220
 8
 1 43 1 40 1 39 1 21
 2 97 0 76 1 40 1 12
 3 67 1 63 1 47 1 15
 4 98 0 57 1 38 1 13
 5 73 0 71 0 27 1 16
 6 66 1 56 1 41 1 15
 7 82 1 75 1 72 1 28
 8 93 0 71 1 43 1 8
 17 2504105
 587 233 220
 8
 1 72 0 49 1 35 1 12
 2 75 1 66 1 47 1 8
 3 78 0 30 1 22 1 11
 4 119 1 79 1 79 1 15
 5 76 1 65 1 62 1 15
 6 119 1 81 1 65 1 10
 7 91 0 77 0 36 1 5
 8 113 0 89 0 27 1 10
 18 2504205
 587 233 220
 8
 1 104 0 55 1 30 1 11
 2 92 1 89 1 73 1 11
 3 88 0 88 0 43 1 11
 4 90 1 60 1 60 1 9
 5 79 1 53 1 41 1 7
 6 96 0 91 0 28 1 10
 7 100 1 90 1 79 1 14
 8 73 0 42 1 32 1 12
 19 2504305
 587 233 220
 8
 1 60 0 45 1 26 1 25
 2 71 1 43 1 39 1 10
 3 99 1 71 1 64 1 19
 4 61 1 41 1 40 1 17
 5 83 1 79 1 43 1 30
 6 63 1 52 1 35 1 26
 7 54 0 33 1 20 1 24
 8 62 1 57 1 51 1 25
 20 2504405
 587 233 220
 8
 1 97 1 77 1 66 1 16
 2 81 1 69 1 69 1 21
 3 109 0 53 0 24 1 15
 4 98 0 33 1 20 1 18
 5 86 0 56 1 34 1 15
 6 76 0 50 1 35 1 16
 7 109 0 42 1 22 1 14
 8 82 1 69 1 42 1 20
