 100
 1 2502505
 587 233 220
 3
 1 108 0 76 0 30 1 40
 2 110 0 43 1 25 1 33
 3 92 1 81 1 55 1 39
 2 2502605
 587 233 220
 3
 1 49 0 25 1 21 1 41
 2 60 1 51 1 41 1 53
 3 103 1 76 1 64 1 44
 3 2502705
 587 233 220
 3
 1 97 0 81 0 27 1 41
 2 102 0 78 0 39 1 42
 3 113 0 46 1 36 1 44
 4 2502805
 587 233 220
 3
 1 113 0 92 0 33 1 67
 2 52 1 37 1 28 1 60
 3 57 1 33 1 29 1 70
 5 2502905
 587 233 220
 3
 1 88 0 54 1 39 1 51
 2 94 0 54 1 36 1 38
 3 87 0 77 1 43 1 47
 6 2503005
 587 233 220
 3
 1 86 1 84 1 45 1 56
 2 81 0 45 1 34 1 56
 3 70 1 54 1 37 1 35
 7 2503105
 587 233 220
 3
 1 118 0 79 1 51 1 37
 2 86 0 32 1 31 1 44
 3 64 1 58 1 52 1 45
 8 2503205
 587 233 220
 3
 1 75 1 58 1 57 1 58
 2 57 1 37 1 30 1 66
 3 79 0 74 0 35 1 56
 9 2503305
 587 233 220
 3
 1 90 1 70 1 63 1 29
 2 84 0 78 0 28 1 32
 3 94 0 85 0 39 1 40
 10 2503405
 587 233 220
 3
 1 68 0 66 0 31 1 44
 2 120 0 34 1 26 1 41
 3 95 1 76 1 60 1 45
 11 2503505
 587 233 220
 3
 1 74 1 63 1 61 1 33
 2 71 0 60 0 25 1 36
 3 106 1 80 1 59 1 33
 12 2503605
 587 233 220
 3
 1 95 1 80 1 57 1 38
 2 112 0 87 0 23 1 29
 3 116 0 41 1 40 1 37
 13 2503705
 587 233 220
 3
 1 52 0 36 1 25 1 112
 2 63 0 37 1 21 1 76
 3 100 0 61 1 36 1 96
 14 2503805
 587 233 220
 3
 1 68 0 48 1 31 1 45
 2 104 1 80 1 63 1 41
 3 82 0 46 0 21 1 46
 15 2503905
 587 233 220
 3
 1 100 0 44 1 37 1 32
 2 90 1 78 1 55 1 49
 3 65 1 57 1 42 1 38
 16 2504005
 587 233 220
 3
 1 43 1 40 1 39 1 49
 2 97 0 76 1 40 1 51
 3 67 1 63 1 47 1 59
 17 2504105
 587 233 220
 3
 1 72 0 49 1 35 1 72
 2 75 1 66 1 47 1 76
 3 78 0 30 1 22 1 65
 18 2504205
 587 233 220
 3
 1 104 0 55 1 30 1 25
 2 92 1 89 1 73 1 24
 3 88 0 88 0 43 1 33
 19 2504305
 587 233 220
 3
 1 60 0 45 1 26 1 40
 2 71 1 43 1 39 1 40
 3 99 1 71 1 64 1 50
 20 2504405
 587 233 220
 3
 1 97 1 77 1 66 1 28
 2 81 1 69 1 69 1 32
 3 109 0 53 0 24 1 28
