 100
 1 2502505
 587 233 220
 12
 1 108 0 76 0 30 1 17
 2 110 0 43 1 25 1 9
 3 92 1 81 1 55 1 7
 4 81 0 33 1 28 1 3
 5 120 1 99 1 73 1 11
 6 111 0 70 1 48 1 5
 7 98 0 72 1 46 1 11
 8 95 0 66 0 31 1 3
 9 85 0 84 0 30 1 9
 10 71 0 32 1 25 1 7
 11 36 1 34 1 25 1 8
 12 97 1 67 1 62 1 8
 2 2502605
 587 233 220
 12
 1 49 0 25 1 21 1 13
 2 60 1 51 1 41 1 10
 3 103 1 76 1 64 1 5
 4 95 1 70 1 62 1 13
 5 111 0 49 1 26 1 13
 6 85 1 84 1 72 1 15
 7 48 1 36 1 31 1 13
 8 86 0 76 0 38 1 13
 9 71 1 48 1 47 1 12
 10 90 0 43 1 33 1 12
 11 98 0 52 1 44 1 13
 12 73 0 37 1 23 1 6
 3 2502705
 587 233 220
 12
 1 97 0 81 0 27 1 7
 2 102 0 78 0 39 1 12
 3 113 0 46 1 36 1 11
 4 66 1 50 1 42 1 11
 5 101 0 30 1 26 1 9
 6 100 0 56 1 35 1 15
 7 91 0 50 1 40 1 9
 8 106 1 61 1 56 1 13
 9 103 1 63 1 58 1 9
 10 75 1 57 1 41 1 18
 11 71 1 68 1 64 1 6
 12 85 0 67 1 39 1 13
 4 2502805
 587 233 220
 12
 1 113 0 92 0 33 1 11
 2 52 1 37 1 28 1 10
 3 57 1 33 1 29 1 14
 4 99 0 37 1 30 1 11
 5 92 0 64 1 33 1 12
 6 119 0 59 1 39 1 9
 7 54 1 52 1 49 1 12
 8 75 0 45 1 35 1 12
 9 79 1 68 1 44 1 15
 10 116 0 49 1 47 1 10
 11 83 0 44 1 23 1 9
 12 98 1 96 1 56 1 17
 5 2502905
 587 233 220
 12
 1 88 0 54 1 39 1 7
 2 94 0 54 1 36 1 11
 3 87 0 77 1 43 1 11
 4 100 1 80 1 72 1 17
 5 83 0 40 1 36 1 14
 6 91 0 54 0 22 1 13
 7 109 0 58 1 54 1 8
 8 94 0 55 1 30 1 5
 9 34 1 32 1 31 1 14
 10 83 1 80 1 57 1 13
 11 108 0 40 1 26 1 9
 12 72 0 37 1 32 1 7
 6 2503005
 587 233 220
 12
 1 86 1 84 1 45 1 18
 2 81 0 45 1 34 1 17
 3 70 1 54 1 37 1 12
 4 71 1 61 1 52 1 12
 5 78 1 73 1 40 1 15
 6 69 1 63 1 46 1 7
 7 72 1 67 1 56 1 11
 8 75 0 75 0 36 1 12
 9 94 1 88 1 50 1 7
 10 65 1 51 1 50 1 7
 11 81 1 56 1 46 1 12
 12 68 0 44 1 27 1 10
 7 2503105
 587 233 220
 12
 1 118 0 79 1 51 1 14
 2 86 0 32 1 31 1 8
 3 64 1 58 1 52 1 9
 4 42 1 42 1 32 1 9
 5 64 1 55 1 43 1 13
 6 84 0 70 0 35 1 13
 7 76 0 57 1 36 1 7
 8 95 1 60 1 55 1 9
 9 80 1 66 1 52 1 12
 10 109 0 73 0 23 1 12
 11 72 1 65 1 54 1 12
 12 98 0 55 1 44 1 14
 8 2503205
 587 233 220
 12
 1 75 1 58 1 57 1 5
 2 57 1 37 1 30 1 7
 3 79 0 74 0 35 1 11
 4 104 1 99 1 74 1 9
 5 55 1 46 1 31 1 6
 6 99 0 98 0 33 1 8
 7 90 1 85 1 59 1 13
 8 115 0 74 1 44 1 9
 9 107 0 67 0 21 1 4
 10 81 1 76 1 55 1 5
 11 118 0 84 0 27 1 11
 12 67 1 60 1 38 1 10
 9 2503305
 587 233 220
 12
 1 90 1 70 1 63 1 2
 2 84 0 78 0 28 1 10
 3 94 0 85 0 39 1 12
 4 80 1 76 1 54 1 14
 5 69 1 50 1 45 1 11
 6 70 1 57 1 37 1 7
 7 94 1 61 1 54 1 14
 8 92 0 44 1 29 1 11
 9 72 1 53 1 37 1 11
 10 89 0 43 1 27 1 13
 11 91 0 44 1 28 1 15
 12 78 1 76 1 68 1 15
 10 2503405
 587 233 220
 12
 1 68 0 66 0 31 1 10
 2 120 0 34 1 26 1 10
 3 95 1 76 1 60 1 16
 4 61 1 47 1 34 1 8
 5 53 1 45 1 36 1 9
 6 80 1 52 1 42 1 10
 7 109 0 63 0 28 1 12
 8 74 0 64 1 35 1 9
 9 53 1 40 1 36 1 8
 10 102 1 96 1 59 1 10
 11 64 1 60 1 47 1 16
 12 99 0 90 0 32 1 15
 11 2503505
 587 233 220
 12
 1 74 1 63 1 61 1 8
 2 71 0 60 0 25 1 15
 3 106 1 80 1 59 1 11
 4 109 0 76 1 42 1 11
 5 118 0 56 0 22 1 8
 6 105 0 67 1 43 1 14
 7 72 1 65 1 37 1 16
 8 84 1 59 1 54 1 10
 9 91 0 69 0 26 1 15
 10 69 0 31 1 28 1 15
 11 76 0 67 1 37 1 12
 12 48 1 39 1 25 1 9
 12 2503605
 587 233 220
 12
 1 95 1 80 1 57 1 7
 2 112 0 87 0 23 1 13
 3 116 0 41 1 40 1 6
 4 98 1 80 1 56 1 13
 5 108 1 60 1 59 1 10
 6 82 1 77 1 67 1 7
 7 67 1 46 1 36 1 7
 8 104 0 72 1 44 1 9
 9 89 0 56 0 24 1 4
 10 64 1 36 1 36 1 10
 11 101 0 86 0 31 1 15
 12 69 1 65 1 37 1 8
 13 2503705
 587 233 220
 12
 1 52 0 36 1 25 1 22
 2 63 0 37 1 21 1 18
 3 100 0 61 1 36 1 17
 4 79 0 52 1 36 1 16
 5 99 0 63 1 36 1 16
 6 97 0 49 1 30 1 13
 7 90 1 69 1 55 1 13
 8 91 0 33 1 28 1 14
 9 111 0 76 1 41 1 13
 10 95 0 44 1 35 1 15
 11 74 0 47 1 29 1 22
 12 100 0 48 0 20 1 20
 14 2503805
 587 233 220
 12
 1 68 0 48 1 31 1 11
 2 104 1 80 1 63 1 12
 3 82 0 46 0 21 1 10
 4 114 1 78 1 60 1 10
 5 90 1 74 1 66 1 7
 6 112 0 54 1 36 1 9
 7 71 1 64 1 54 1 12
 8 74 0 53 1 33 1 8
 9 75 1 62 1 57 1 5
 10 68 1 62 1 52 1 14
 11 64 1 49 1 47 1 11
 12 60 1 39 1 36 1 14
 15 2503905
 587 233 220
 12
 1 100 0 44 1 37 1 8
 2 90 1 78 1 55 1 7
 3 65 1 57 1 42 1 10
 4 85 0 58 1 41 1 7
 5 81 1 69 1 50 1 12
 6 84 1 78 1 51 1 6
 7 109 1 73 1 73 1 7
 8 73 1 58 1 52 1 13
 9 73 1 49 1 40 1 15
 10 120 0 60 1 39 1 5
 11 111 1 80 1 68 1 9
 12 71 1 70 1 53 1 5
 16 2504005
 587 233 220
 12
 1 43 1 40 1 39 1 12
 2 97 0 76 1 40 1 11
 3 67 1 63 1 47 1 8
 4 98 0 57 1 38 1 10
 5 73 0 71 0 27 1 10
 6 66 1 56 1 41 1 8
 7 82 1 75 1 72 1 11
 8 93 0 71 1 43 1 7
 9 95 0 35 1 28 1 10
 10 88 1 72 1 68 1 10
 11 88 0 85 0 35 1 15
 12 100 1 83 1 69 1 6
 17 2504105
 587 233 220
 12
 1 72 0 49 1 35 1 9
 2 75 1 66 1 47 1 8
 3 78 0 30 1 22 1 10
 4 119 1 79 1 79 1 8
 5 76 1 65 1 62 1 10
 6 119 1 81 1 65 1 11
 7 91 0 77 0 36 1 13
 8 113 0 89 0 27 1 10
 9 98 0 59 1 44 1 6
 10 76 1 55 1 43 1 10
 11 58 1 51 1 31 1 2
 12 94 0 40 1 25 1 11
 18 2504205
 587 233 220
 12
 1 104 0 55 1 30 1 6
 2 92 1 89 1 73 1 9
 3 88 0 88 0 43 1 7
 4 90 1 60 1 60 1 8
 5 79 1 53 1 41 1 8
 6 96 0 91 0 28 1 6
 7 100 1 90 1 79 1 4
 8 73 0 42 1 32 1 12
 9 115 1 85 1 60 1 5
 10 113 1 83 1 76 1 11
 11 68 0 50 1 31 1 4
 12 70 0 41 1 30 1 7
 19 2504305
 587 233 220
 12
 1 60 0 45 1 26 1 12
 2 71 1 43 1 39 1 12
 3 99 1 71 1 64 1 6
 4 61 1 41 1 40 1 9
 5 83 1 79 1 43 1 11
 6 63 1 52 1 35 1 9
 7 54 0 33 1 20 1 13
 8 62 1 57 1 51 1 11
 9 79 1 76 1 71 1 18
 10 91 1 81 1 48 1 11
 11 95 0 70 0 23 1 17
 12 101 0 57 1 42 1 13
 20 2504405
 587 233 220
 12
 1 97 1 77 1 66 1 10
 2 81 1 69 1 69 1 16
 3 109 0 53 0 24 1 14
 4 98 0 33 1 20 1 8
 5 86 0 56 1 34 1 12
 6 76 0 50 1 35 1 12
 7 109 0 42 1 22 1 11
 8 82 1 69 1 42 1 12
 9 58 1 43 1 31 1 11
 10 99 0 80 1 48 1 8
 11 89 0 68 1 39 1 13
 12 74 1 53 1 40 1 11
