 100
 1 2502505
 587 233 220
 20
 1 108 0 76 0 30 1 10
 2 110 0 43 1 25 1 6
 3 92 1 81 1 55 1 5
 4 81 0 33 1 28 1 5
 5 120 1 99 1 73 1 6
 6 111 0 70 1 48 1 4
 7 98 0 72 1 46 1 7
 8 95 0 66 0 31 1 6
 9 85 0 84 0 30 1 5
 10 71 0 32 1 25 1 5
 11 36 1 34 1 25 1 4
 12 97 1 67 1 62 1 8
 13 33 1 25 1 23 1 2
 14 95 0 27 1 26 1 5
 15 94 0 81 1 44 1 8
 16 41 1 39 1 38 1 4
 17 104 1 74 1 65 1 4
 18 52 1 41 1 36 1 4
 19 104 0 78 0 34 1 6
 20 83 1 77 1 46 1 6
 2 2502605
 587 233 220
 20
 1 49 0 25 1 21 1 10
 2 60 1 51 1 41 1 7
 3 103 1 76 1 64 1 6
 4 95 1 70 1 62 1 6
 5 111 0 49 1 26 1 1
 6 85 1 84 1 72 1 9
 7 48 1 36 1 31 1 7
 8 86 0 76 0 38 1 7
 9 71 1 48 1 47 1 7
 10 90 0 43 1 33 1 7
 11 98 0 52 1 44 1 7
 12 73 0 37 1 23 1 6
 13 61 1 48 1 39 1 8
 14 75 1 75 1 63 1 6
 15 74 1 42 1 40 1 6
 16 98 0 88 0 26 1 3
 17 97 0 69 1 41 1 11
 18 89 1 77 1 46 1 6
 19 73 1 64 1 55 1 5
 20 84 1 69 1 66 1 4
 3 2502705
 587 233 220
 20
 1 97 0 81 0 27 1 4
 2 102 0 78 0 39 1 4
 3 113 0 46 1 36 1 10
 4 66 1 50 1 42 1 7
 5 101 0 30 1 26 1 6
 6 100 0 56 1 35 1 6
 7 91 0 50 1 40 1 4
 8 106 1 61 1 56 1 4
 9 103 1 63 1 58 1 9
 10 75 1 57 1 41 1 7
 11 71 1 68 1 64 1 5
 12 85 0 67 1 39 1 7
 13 97 1 63 1 56 1 7
 14 61 0 48 1 30 1 5
 15 80 0 54 1 35 1 5
 16 73 1 66 1 62 1 12
 17 90 1 74 1 69 1 8
 18 118 0 61 1 40 1 4
 19 94 0 43 1 31 1 4
 20 90 0 49 1 30 1 8
 4 2502805
 587 233 220
 20
 1 113 0 92 0 33 1 7
 2 52 1 37 1 28 1 6
 3 57 1 33 1 29 1 8
 4 99 0 37 1 30 1 5
 5 92 0 64 1 33 1 11
 6 119 0 59 1 39 1 4
 7 54 1 52 1 49 1 16
 8 75 0 45 1 35 1 4
 9 79 1 68 1 44 1 6
 10 116 0 49 1 47 1 5
 11 83 0 44 1 23 1 7
 12 98 1 96 1 56 1 9
 13 78 1 72 1 57 1 4
 14 98 0 88 1 47 1 9
 15 41 1 33 1 31 1 13
 16 59 1 35 1 34 1 6
 17 83 0 78 0 37 1 4
 18 68 0 34 1 33 1 8
 19 103 0 69 1 49 1 8
 20 97 0 53 1 32 1 13
 5 2502905
 587 233 220
 20
 1 88 0 54 1 39 1 6
 2 94 0 54 1 36 1 4
 3 87 0 77 1 43 1 5
 4 100 1 80 1 72 1 7
 5 83 0 40 1 36 1 7
 6 91 0 54 0 22 1 10
 7 109 0 58 1 54 1 10
 8 94 0 55 1 30 1 10
 9 34 1 32 1 31 1 12
 10 83 1 80 1 57 1 5
 11 108 0 40 1 26 1 8
 12 72 0 37 1 32 1 3
 13 93 0 93 0 28 1 4
 14 71 0 56 1 33 1 5
 15 104 0 78 0 26 1 5
 16 94 0 85 1 44 1 3
 17 82 1 75 1 65 1 11
 18 109 0 81 0 28 1 3
 19 79 1 73 1 45 1 5
 20 104 1 91 1 76 1 3
 6 2503005
 587 233 220
 20
 1 86 1 84 1 45 1 6
 2 81 0 45 1 34 1 14
 3 70 1 54 1 37 1 13
 4 71 1 61 1 52 1 7
 5 78 1 73 1 40 1 8
 6 69 1 63 1 46 1 7
 7 72 1 67 1 56 1 8
 8 75 0 75 0 36 1 9
 9 94 1 88 1 50 1 5
 10 65 1 51 1 50 1 10
 11 81 1 56 1 46 1 8
 12 68 0 44 1 27 1 7
 13 108 0 52 1 45 1 9
 14 114 0 80 1 44 1 7
 15 84 0 39 1 22 1 6
 16 62 0 58 1 30 1 6
 17 86 0 68 0 33 1 8
 18 59 0 52 0 22 1 3
 19 42 0 33 1 21 1 10
 20 110 0 74 1 38 1 5
 7 2503105
 587 233 220
 20
 1 118 0 79 1 51 1 6
 2 86 0 32 1 31 1 6
 3 64 1 58 1 52 1 5
 4 42 1 42 1 32 1 4
 5 64 1 55 1 43 1 6
 6 84 0 70 0 35 1 7
 7 76 0 57 1 36 1 6
 8 95 1 60 1 55 1 6
 9 80 1 66 1 52 1 8
 10 109 0 73 0 23 1 6
 11 72 1 65 1 54 1 3
 12 98 0 55 1 44 1 4
 13 88 0 61 1 31 1 5
 14 94 1 82 1 66 1 5
 15 78 1 77 1 64 1 6
 16 77 0 32 1 30 1 6
 17 91 1 61 1 61 1 5
 18 101 1 100 1 77 1 4
 19 103 1 63 1 59 1 5
 20 117 0 61 1 57 1 6
 8 2503205
 587 233 220
 20
 1 75 1 58 1 57 1 3
 2 57 1 37 1 30 1 5
 3 79 0 74 0 35 1 4
 4 104 1 99 1 74 1 6
 5 55 1 46 1 31 1 9
 6 99 0 98 0 33 1 6
 7 90 1 85 1 59 1 7
 8 115 0 74 1 44 1 4
 9 107 0 67 0 21 1 6
 10 81 1 76 1 55 1 9
 11 118 0 84 0 27 1 9
 12 67 1 60 1 38 1 6
 13 78 1 48 1 46 1 8
 14 67 1 53 1 49 1 3
 15 74 1 43 1 38 1 4
 16 89 1 81 1 62 1 5
 17 95 0 54 1 28 1 5
 18 72 1 72 1 51 1 8
 19 93 0 72 0 35 1 6
 20 40 1 33 1 23 1 6
 9 2503305
 587 233 220
 20
 1 90 1 70 1 63 1 3
 2 84 0 78 0 28 1 1
 3 94 0 85 0 39 1 6
 4 80 1 76 1 54 1 7
 5 69 1 50 1 45 1 6
 6 70 1 57 1 37 1 8
 7 94 1 61 1 54 1 4
 8 92 0 44 1 29 1 7
 9 72 1 53 1 37 1 4
 10 89 0 43 1 27 1 4
 11 91 0 44 1 28 1 7
 12 78 1 76 1 68 1 11
 13 84 0 61 1 33 1 7
 14 107 0 40 1 39 1 5
 15 114 1 75 1 69 1 7
 16 57 1 55 1 48 1 11
 17 99 0 57 1 47 1 4
 18 92 0 66 1 44 1 7
 19 73 1 48 1 42 1 10
 20 99 0 46 1 39 1 10
 10 2503405
 587 233 220
 20
 1 68 0 66 0 31 1 6
 2 120 0 34 1 26 1 4
 3 95 1 76 1 60 1 5
 4 61 1 47 1 34 1 8
 5 53 1 45 1 36 1 9
 6 80 1 52 1 42 1 5
 7 109 0 63 0 28 1 7
 8 74 0 64 1 35 1 6
 9 53 1 40 1 36 1 3
 10 102 1 96 1 59 1 8
 11 64 1 60 1 47 1 10
 12 99 0 90 0 32 1 8
 13 76 1 50 1 43 1 5
 14 90 0 75 0 25 1 6
 15 94 0 65 1 37 1 4
 16 117 0 34 1 28 1 5
 17 39 1 28 1 24 1 5
 18 92 0 60 1 42 1 9
 19 102 0 78 1 49 1 13
 20 82 1 69 1 46 1 9
